layer,state_hex,evidence_addresses,count
control,ENTRY_TO_RET,0x00021680|0x00023827,2
control,branch_density,cond=151|jmp=136,2
call,direct_calls,count=156,1
param,key_fields,see__ZN20V90Phase3Demodulator14getV92DecisionEf_state_graph_param_edges.csv,1
