layer,state_hex,evidence_addresses,count
control,RET0,0x64f0|0x64f2,2
param,CTX_UNUSED,0x64f0,1
